raceTime:
  openTask: 2019-07-11T12:30:00Z
  closeTask: 2019-07-11T18:00:00Z
  firstStart: 2019-07-11T12:30:41.690522990717Z
  firstLead: 2019-07-11T12:30:41.690522990717Z
  lastArrival: null
  leadAllDown: 5047.309
  leadArrival: null
  leadClose: 19758.309
  openClose: 19800
  tickClose: 19758.309
raceDistance: 22.682232 km
sumDistance: 16.806928 km
leadAreaToCoef: 0.00002449298445 km^-1 s^-1
leadCoefMin: 2.1908783
leadRank:
- - - '19'
    - Rafal Cypcar
  - area: 89449.2179 km s
    coef: 2.1908783
    frac: 1
- - - '10'
    - Igor Eržen
  - area: 95343.9277 km s
    coef: 2.33525734
    frac: 0.78810046
- - - '15'
    - Mitja Jug
  - area: 95483.0548 km s
    coef: 2.33866498
    frac: 0.78477927
- - - '11'
    - Jerko Odžak
  - area: 102680.9683 km s
    coef: 2.51496336
    frac: 0.63672689
- - - '22'
    - Sandi Krč
  - area: 103939.6657 km s
    coef: 2.54579262
    frac: 0.61403944
- - - '18'
    - Petros Miskos
  - area: 108793.0506 km s
    coef: 2.6646665
    frac: 0.53206729
