raceTime:
  openTask: 2019-07-12T11:30:00Z
  closeTask: 2019-07-12T18:00:00Z
  firstStart: 2019-07-12T12:20:31.04496797228Z
  firstLead: 2019-07-12T12:20:31.04496797228Z
  lastArrival: 2019-07-12T13:30:53.788721005501Z
  leadAllDown: 5740.955
  leadArrival: 4222.744
  leadClose: 20368.955
  openClose: 23400
  tickClose: 20368.955
raceDistance: 15.728733 km
sumDistance: 31.459932 km
leadAreaToCoef: 0.00003532106213 km^-1 s^-1
leadCoefMin: 1.25512635
leadRank:
- - - '19'
    - Rafal Cypcar
  - area: 35534.7851 km s
    coef: 1.25512635
    frac: 1
- - - '10'
    - Igor Eržen
  - area: 40760.5543 km s
    coef: 1.43970607
    frac: 0.69946607
- - - '15'
    - Mitja Jug
  - area: 50948.4598 km s
    coef: 1.79955371
    frac: 0.38189231
- - - '11'
    - Jerko Odžak
  - area: 80907.5347 km s
    coef: 2.85774006
    frac: 0
- - - '22'
    - Sandi Krč
  - area: 84031.9495 km s
    coef: 2.96809771
    frac: 0
